997 0 0 0 0 998 997 997 
0 0 0 997 998 0 998 998 
0 1001 990 0 0 997 997 997 
0 0 0 1033 997 997 0 986 
0 0 0 0 997 0 997 0 
0 0 998 1025 0 998 998 999 
0 0 0 0 997 997 997 995 
0 993 0 982 0 0 997 997 
998 0 997 0 1000 997 0 997 
0 0 3993 987 0 998 998 998 
0 0 0 0 999 0 997 998 
0 997 994 961 0 997 997 969 
0 0 0 0 982 997 998 1025 
0 0 0 1029 997 0 0 998 
0 0 997 6978 970 998 997 997 
0 0 0 0 0 997 997 0 
998 1001 0 969 1028 0 1027 997 
0 0 1002 999 0 997 0 997 
0 0 0 998 994 998 997 998 
0 0 0 0 0 0 997 997 
0 994 993 998 998 997 997 1009 
0 0 0 0 997 997 997 985 
996 0 0 1030 0 0 0 998 
0 0 997 0 997 998 997 1008 
0 0 0 999 0 997 998 0 
0 993 0 0 997 1007 997 998 
0 0 997 993 0 988 998 1003 
0 0 0 0 969 0 0 995 
0 0 0 992 0 997 997 993 
0 998 1004 0 997 997 997 998 
0 0 0 1004 997 0 997 998 
997 0 0 0 0 998 0 986 
0 1994 991 0 997 997 997 1003 
0 0 0 995 0 0 998 991 
0 0 0 0 998 997 997 1009 
0 998 997 1000 0 998 0 1000 
0 0 0 0 997 0 997 0 
0 0 0 994 0 997 970 995 
0 0 998 0 997 0 997 997 
0 0 0 998 998 997 998 958 
998 999 0 0 0 998 997 998 
0 0 1000 0 997 997 0 1025 
0 0 0 1000 0 0 997 997 
0 967 0 0 997 997 998 998 
0 0 995 994 998 998 0 996 
0 0 0 0 0 0 997 998 
997 1018 968 998 997 997 997 997 
0 0 0 0 0 997 998 0 
0 0 999 964 997 1013 0 1025 
0 0 0 0 998 0 997 970 
0 1005 0 1000 0 982 997 998 
0 0 997 0 997 997 998 1000 
0 0 0 998 0 0 997 994 
0 0 1029 0 997 998 0 997 
0 0 0 996 0 997 997 998 
1031 997 0 0 998 997 998 1000 
0 0 1000 996 0 0 997 994 
0 0 0 997 997 998 0 997 
0 0 0 0 997 997 998 998 
0 1002 994 1004 0 0 997 999 
0 0 0 0 998 997 997 1000 
0 0 0 1035 0 998 0 0 
0 0 997 0 997 0 997 999 
964 1001 0 996 13964 997 998 992 
0 0 0 0 0 997 997 1010 
0 0 998 0 997 0 0 984 
0 0 0 995 0 998 997 997 
0 994 0 0 998 997 998 998 
0 0 997 997 0 0 997 1002 
997 0 0 0 997 997 997 992 
0 0 0 1002 0 998 0 998 
0 0 998 0 997 0 998 0 
0 997 0 982 997 998 997 1001 
0 0 0 0 0 996 997 993 
0 0 1000 0 998 0 0 998 
0 0 0 1008 0 998 27954 997 
0 1001 0 0 997 997 997 997 
1031 0 990 997 0 0 0 997 
0 0 0 0 997 997 998 998 
0 0 0 998 998 998 996 997 
0 0 998 0 0 0 998 998 
0 997 0 1000 997 997 0 997 
998 0 0 0 0 997 1004 997 
0 0 997 954 997 0 991 999 
0 0 0 1001 0 998 997 0 
0 994 0 0 998 997 970 1004 
0 0 1004 0 0 997 1025 989 
999 0 0 996 997 0 997 998 
0 0 0 1011 997 998 0 1004 
0 0 990 0 0 0 997 991 
0 1000 0 1024 998 997 997 997 
0 0 0 0 0 997 1010 997 
0 0 999 995 997 998 0 998 
0 0 0 0 0 0 1001 1001 
0 995 968 0 997 997 993 992 
0 0 0 1001 998 998 998 1000 
995 0 0 0 0 0 997 0 
0 0 1026 996 997 997 0 1002 
0 0 0 0 0 997 997 995 
0 1000 968 995 997 0 998 999 
