0 0 0 0 0 0 0 0 
0 0 0 0 0 0 998 0 
0 0 998 0 997 0 0 997 
0 0 0 965 0 0 964 0 
0 0 0 0 0 996 0 0 
0 0 0 0 0 0 0 998 
0 0 0 0 0 0 0 0 
0 0 0 0 0 0 1038 0 
0 0 0 0 0 0 0 1007 
996 0 0 0 998 998 0 0 
0 0 0 0 0 0 1021 993 
0 0 0 0 0 0 0 0 
0 0 0 0 0 0 0 0 
0 0 0 0 0 0 0 997 
0 0 0 1028 0 0 973 0 
0 0 0 0 0 1003 0 999 
0 0 0 0 0 0 0 0 
0 0 0 0 997 0 998 962 
0 0 0 0 0 0 0 0 
0 997 0 0 0 0 0 0 
0 0 0 0 0 994 0 996 
0 0 997 0 0 0 996 0 
0 0 0 0 0 0 0 0 
0 0 0 0 0 0 0 997 
0 0 0 0 1001 995 997 0 
0 0 0 998 0 0 0 0 
0 0 0 0 0 0 0 997 
0 0 0 0 0 0 0 0 
0 0 0 0 0 0 975 998 
0 0 0 0 0 998 0 0 
0 0 0 0 0 0 981 0 
0 0 0 0 993 0 0 997 
0 0 0 0 0 0 0 0 
0 0 0 0 0 0 1036 1009 
0 0 0 0 0 997 0 0 
0 0 0 966 0 0 0 0 
0 0 0 0 0 0 0 986 
0 0 0 0 0 0 998 0 
0 0 0 0 998 0 0 997 
0 0 0 0 0 998 0 0 
0 0 0 0 0 0 997 0 
0 0 997 0 0 0 0 999 
0 0 0 997 0 0 0 0 
0 0 0 0 0 0 0 0 
0 0 0 0 0 997 999 1030 
0 0 0 0 1000 0 0 0 
0 0 0 0 0 0 0 0 
0 0 0 0 0 0 996 997 
0 0 0 0 0 0 0 0 
0 0 0 0 0 997 0 997 
0 0 0 0 0 0 0 0 
0 0 0 1031 0 0 997 999 
0 0 0 0 0 0 0 0 
0 0 0 0 994 0 0 0 
0 0 0 0 0 997 0 996 
0 0 0 0 0 0 997 0 
0 0 0 0 0 0 0 0 
0 0 0 0 0 0 0 1003 
0 0 0 0 0 0 997 0 
0 0 0 0 0 997 0 992 
0 0 998 0 997 0 0 0 
0 0 0 994 0 0 0 0 
0 997 0 0 0 965 1000 997 
0 0 0 0 0 0 0 0 
0 0 0 0 0 0 0 0 
0 0 0 0 0 0 1001 997 
0 0 0 0 0 1031 0 0 
0 0 0 0 998 0 0 998 
0 0 0 0 0 0 0 0 
0 0 0 0 0 0 992 0 
0 0 998 0 0 0 0 999 
0 0 0 967 0 996 0 0 
0 0 0 0 970 0 0 0 
0 0 0 0 0 0 998 995 
0 0 0 0 0 0 0 0 
0 0 0 0 0 0 0 0 
0 0 0 0 0 998 1001 994 
0 0 0 0 1010 0 0 970 
0 0 0 0 0 0 0 0 
0 0 0 0 0 0 0 0 
0 0 0 0 0 0 980 1031 
0 0 0 0 0 998 0 0 
0 0 0 1030 0 0 0 0 
0 0 0 0 0 0 999 994 
0 0 0 0 1012 0 0 0 
0 0 0 0 0 0 0 998 
0 0 0 0 0 998 987 0 
0 0 0 0 0 0 0 0 
0 0 0 0 0 0 982 998 
0 0 1030 0 0 0 0 0 
0 0 0 0 0 0 0 0 
0 0 0 0 0 996 0 999 
0 0 0 997 997 0 1022 0 
0 0 0 0 0 0 0 995 
0 0 0 0 0 0 0 0 
0 0 0 0 0 0 0 0 
0 0 0 0 0 998 997 997 
0 0 0 0 0 0 0 0 
0 0 0 0 0 0 0 0 
0 0 0 0 998 0 998 998 
